          10
   81.0000000       45.0000000       63.0000000       0.00000000       18.0000000       54.0000000       36.0000000       9.00000000       81.0000000       63.0000000    
   45.0000000       106.000000       62.0000000       0.00000000       19.0000000       30.0000000       38.0000000       68.0000000       126.000000       71.0000000    
   63.0000000       62.0000000       74.0000000       12.0000000       53.0000000       66.0000000       70.0000000       52.0000000       98.0000000       97.0000000    
   0.00000000       0.00000000       12.0000000       18.0000000       36.0000000       36.0000000       42.0000000       39.0000000       21.0000000       30.0000000    
   18.0000000       19.0000000       53.0000000       36.0000000       111.000000       96.0000000       130.000000       116.000000       84.0000000       126.000000    
   54.0000000       30.0000000       66.0000000       36.0000000       96.0000000       181.000000       158.000000       156.000000       154.000000       176.000000    
   36.0000000       38.0000000       70.0000000       42.0000000       130.000000       158.000000       187.000000       182.000000       180.000000       195.000000    
   9.00000000       68.0000000       52.0000000       39.0000000       116.000000       156.000000       182.000000       272.000000       260.000000       195.000000    
   81.0000000       126.000000       98.0000000       21.0000000       84.0000000       154.000000       180.000000       260.000000       450.000000       265.000000    
   63.0000000       71.0000000       97.0000000       30.0000000       126.000000       176.000000       195.000000       195.000000       265.000000       342.000000    
           1
           1
           1
           1
           1
           1
           1
           1
           1
           1
